3, -2, 3
5, 6, -15, 10
7, -20, 70, -84, 35
9, 70, -315, 540, -420, 126
11, -252, 1386, -3080, 3465, -1980, 462
13, 924, -6006, 16380, -24024, 20020, -9009, 1716
15, -3432, 25740, -83160, 150150, -163800, 108108, -40040, 6435
17, 12870, -109395, 408408, -875160, 1178100, -1021020, 556920, -175032, 24310
19, -48620, 461890, -1956240, 4849845, -7759752, 8314020, -5969040, 2771340, -755820, 92378
21, 184756, -1939938, 9189180, -25865840, 47927880, -61108047, 54318264, -33256080, 13430340, -3233230, 352716
23, -705432, 8112468, -42493880, 133855722, -281801520, 416440024, -440936496, 334639305, -178474296, 63740820, -13728792, 1352078
25, 2704156, -33801950, 193993800, -676039000, 1593520500, -2677114440, 3287684400, -2974571600, 1968466500, -929553625, 297457160, -57946200, 5200300
